3556832 3209801 3520475 3164417
3068970 3071952 3520475 3164417
636397  1899889 338784  1935796
3856769 3377079 3520475 3164417
2876227 2633203 2595700 2684432
1435445 1194830 925348  2000000
3764673 3881970 3520475 3164417
3171272 1098717 3778277 740547 
3646837 966534  3778277 740547 
1736390 3309102 1623417 4114070
1086601 2272573 925348  2000000
3793954 2346914 3520475 3164417
1896054 2706210 2595700 2684432
2298950 3449308 2205069 3958831
1911518 3848874 2205069 3958831
2566355 1516144 2595700 2684432
246553  343125  338784  1935796
2197183 3975039 2205069 3958831
552775  3494740 -138318 2857049
128870  1935711 338784  1935796
2197078 3999879 2205069 3958831
2502533 3911039 2205069 3958831
2289309 3024440 2595700 2684432
3999523 551710  3778277 740547 
2246061 3999936 2205069 3958831
3982782 1306639 3778277 740547 
1166660 2766482 925348  2000000
3744391 440575  3778277 740547 
1480453 3997346 1623417 4114070
9770    1844797 338784  1935796
202829  2427690 338784  1935796
3051096 3631595 3147080 4258152
2111052 297293  1552534 -431081 
864326  2053355 925348  2000000
2422495 2130146 2595700 2684432
3655670 100751  3778277 740547 
535656  2133259 338784  1935796
263229  2101270 338784  1935796
